統計數字：
20060701~20061231 提到客家的文章共有 848 篇
48篇語料中，客家共出現 215 次

日期          次數
------------------------------
20060701      1
20060705      4
20060710      1
20060713      7     total：50
20060717      22  
20060721      2 
20060724      12
20060728      1

20060801      1
20060805      1
20060809      2
20060812      1     total：27
20060817      1  
20060821      5
20060824      15
20060827      1

20060901      2
20060905      2
20060909      9
20060913      15    total：50
20060917      18 
20060921      1
20060924      2
20060928      1

20061001      8
20061005      1
20061009      5
20061013      1     total：27
20061017      3
20061021      1
20061024      6
20061028      2

20061101      2
20061105      1
20061109      3
20061113      1     total：27
20061117      4 
20061121      11
20061124      1
20061128      4

20061201      1
20061205      2
20061209      12
20061213      1     total：34
20061217      1 
20061221      14
20061224      1
20061228      2

--------------------------------------
2006下半年total次數：215
