統計結果：
20120701~20121231 提到客家的文章共有 1059 篇
48篇文章中，客家共出現 187 次

日期        文章個別次數
------------------------------
20120701    2
20120705    3
20120708    1
20120713    1     7月次數：12
20120717    2    
20120720    1   
20120724    1
20120728    1

20120801    1
20120805    1
20120809    6
20120813    11    8月次數：28
20120817    1   
20120821    2  
20120824    1
20120828    5

20120902    11
20120905    1
20120909    2
20120913    2     9月次數：29
20120917    2   
20120921    1  
20120924    2
20120928    8

20121001    1
20121005    14
20121009    4
20121013    5     10月次數：55
20121017    8  
20121021    1 
20121024    8
20121028    14

20121101    2
20121105    1
20121109    1
20121113    24    11月次數：37
20121117    3   
20121121    1  
20121124    3 
20121128    2

20121201    3
20121205    5
20121209    4
20121213    1     12月次數：26
20121217    7   
20121221    2  
20121224    3 
20121228    1

--------------------------------------
2012下半年total次數：187
